
04.10.2010 21:23

002534400
~002524400
002524400
002524400
002524400
002524400
002514400
002514400
002524400
002524400
002524400
002524400
002524400
002534400
~002524400
002524400
002524400
002524400
002524400
002524400
002514400
002514400
002524400
002524400
002524400
002524400
002514400
002534400
~002534400
~002524400
002524400
002524400
002524400
002524400
002524400
002524400
002524400
002534400
~002524400
002524400
002524400
002534400
002524400
002534400
002534400
002534400
~002534400
002534400
~002524400
002534400
002524400
002524400
002534400
002524400
002514400
002534400
002524400
002534400
002524400
002534400
002534400
002494400
002524400
002514400
002524400
002524400
002524400
002534400
002534400
002534400
002534400
002524400
002524400
002524400
002524400
002524400
002524400
002514400
002524400
002524400
002534400
~002514400
002524400
002534400
002524400
002514400
002524400
002514400
002524400
002524400
002534400
~002534400
002524400
002524400
002514400
002514400
002514400
002514400
002524400
002514400
002514400
002524400
002514400
002514400
002524400
002524400
002524400
002504400
002514400

